cutoff	t_11	f_11	FNR_1	FPR_1	lnL_1	t_21	f_21	t_22	f_22	FNR_2	FPR_2	lnL_2	lambda
5.000000000000000278e-02	2.088359539488727351e-02	1.564507933557730268e-01	9.999999999999996487e-11	3.973041196739870453e-04	3.611296169542384450e+04	1.496096330179350932e-02	1.788806383163574487e-01	5.891563975679640214e-03	6.317787001293342919e-02	2.348372640953883209e-05	2.279925133360697460e-04	3.593763270476739126e+04	3.506579813129064860e+02
1.000000000000000056e-01	1.935950642136406372e-02	1.512212553610209065e-01	9.999999999999996487e-11	3.404533059511419182e-04	3.450346871731887222e+04	1.491983049560812249e-02	1.616171055499000808e-01	4.451705703859827438e-03	5.530520821128372816e-02	4.374182390421767783e-05	1.769461192712519829e-04	3.436709149492917641e+04	2.727544447793916333e+02
1.500000000000000222e-01	1.868302302303464016e-02	1.492855568691867363e-01	9.999999999999996487e-11	3.172547548265141682e-04	3.373773132338475989e+04	1.419851251450441991e-02	1.582226413539041809e-01	4.495840786720129226e-03	5.699943720368389616e-02	2.969536025746764566e-05	1.660083753615641919e-04	3.361055237280589790e+04	2.543579011577239726e+02
2.000000000000000111e-01	1.817361881490776182e-02	1.483193132321180552e-01	9.999999999999996487e-11	3.037096652879313959e-04	3.312783967811076582e+04	1.366000904988558945e-02	1.561128598116322264e-01	4.522089491040799138e-03	5.847495198043787396e-02	2.084728229018968984e-05	1.619913514952810976e-04	3.300752767441350443e+04	2.406240073945227778e+02
2.500000000000000000e-01	1.777899187507037820e-02	1.479634163890754250e-01	9.999999999999996487e-11	2.958307394997091539e-04	3.262920096682530493e+04	1.327302736046184761e-02	1.559217660025868368e-01	4.511524152639868022e-03	5.912938004651577956e-02	2.909003042920357029e-06	1.586213062422857736e-04	3.251081905956828268e+04	2.367638145140444976e+02
2.999999999999999889e-01	1.733932104162826809e-02	1.470429457751031288e-01	9.999999999999996487e-11	2.886955722001798702e-04	3.212264166836537333e+04	1.334265808139742902e-02	1.524109382671897939e-01	4.012339123761423168e-03	5.580040058583842638e-02	9.999999999999996487e-11	1.505264832234643640e-04	3.201218801825657283e+04	2.209073002176010050e+02
3.500000000000000333e-01	1.699570227814752379e-02	1.465313171236387046e-01	9.999999999999960298e-11	2.779113178606565674e-04	3.167030771402205210e+04	1.308490939498869327e-02	1.514439767790355107e-01	3.924050409304736045e-03	5.565682509981802195e-02	1.300412351519556339e-05	1.426780811043505085e-04	3.156272362442529266e+04	2.151681791935188812e+02
4.000000000000000222e-01	1.663437754854041675e-02	1.456114119470876822e-01	9.999999999999996487e-11	2.660330718850884230e-04	3.121977258594055456e+04	1.255996789105621146e-02	1.508456079459211674e-01	4.085441060790473769e-03	5.772649236620897711e-02	5.580325778779903765e-06	1.379719166269863337e-04	3.111406459048804027e+04	2.114159909050285933e+02
4.500000000000000111e-01	1.637560241173548203e-02	1.454900538181035097e-01	9.999999999999996487e-11	2.592351236980290543e-04	3.085672323783619504e+04	1.417020191893563104e-02	1.553410469628874746e-01	2.355650324319996138e-03	3.307355517693609526e-02	3.358789394453643100e-06	4.940829215961906730e-10	3.075976740773777783e+04	1.939116601968344185e+02
5.000000000000000000e-01	1.602875462924643196e-02	1.455774884841954664e-01	9.999999999999996487e-11	2.537735902435589420e-04	3.036727294930751668e+04	1.207320013309887488e-02	1.508993483751837617e-01	3.963933084631549378e-03	5.802057444636814221e-02	4.612411049640473796e-05	1.313192716616913460e-04	3.026464528331467591e+04	2.052553319856815506e+02
5.500000000000000444e-01	1.565358357482497798e-02	1.450443743270356523e-01	7.436909344188790584e-08	2.449677898783839060e-04	2.986837031021638541e+04	1.172006437500062830e-02	1.499156866297036428e-01	3.941336956712787262e-03	5.873686983495549768e-02	1.149360827233756742e-04	1.275085910252941890e-04	2.976931170395636946e+04	1.981172125200318987e+02
6.000000000000000888e-01	1.530348947447697679e-02	1.440346207579622506e-01	9.999999999999996487e-11	2.345540187283045425e-04	2.942629114447794564e+04	1.160586457519878836e-02	1.478939938425233858e-01	3.708212339822583060e-03	5.706454146261265292e-02	1.688376731378663609e-09	1.174280385962146451e-04	2.933072769475568202e+04	1.911268994445272256e+02
6.500000000000001332e-01	1.496065418862772313e-02	1.435125637505557938e-01	9.999999999999996487e-11	2.283436131954194278e-04	2.897482142409639710e+04	1.139471033212079674e-02	1.483769174063723495e-01	3.577777456777282532e-03	5.590099595542723232e-02	4.988315700723650682e-06	1.100445030634849717e-04	2.887802651513920136e+04	1.935898179143914604e+02
7.000000000000000666e-01	1.454957809723699848e-02	1.433365039568817445e-01	9.999999999999996487e-11	2.231622653801218514e-04	2.840320631742727710e+04	1.113827202820868480e-02	1.469924434012839232e-01	3.423187436163331859e-03	5.566817229314071497e-02	9.999999999999996487e-11	1.093397203495601711e-04	2.831146463751634292e+04	1.834833598218683619e+02
7.500000000000001110e-01	1.415638611966121840e-02	1.429502185569357930e-01	9.999999999999996487e-11	2.164262331794457816e-04	2.785595703588618926e+04	1.415648036296327482e-02	1.429208794587595310e-01	2.111350773024424864e-04	2.027670303008476350e-07	1.708832230778019280e-05	5.336407186681675891e-06	2.785595616561322822e+04	1.740545922075398266e-03
8.000000000000000444e-01	1.373592308694474365e-02	1.426515653638983916e-01	9.999999999999996487e-11	2.093860275929097998e-04	2.725411321466711161e+04	1.074396736387630072e-02	1.443433289934507036e-01	3.007624175976525861e-03	5.340963286203757876e-02	1.259187906609877819e-07	1.004946244082743570e-04	2.717099476979094470e+04	1.662368897523338092e+02
8.500000000000000888e-01	1.328350700918189305e-02	1.423041123007608155e-01	2.805498384560554582e-07	2.002942193139758107e-04	2.658923685280685459e+04	1.036668223284454605e-02	1.437149687456963920e-01	2.931888408084633909e-03	5.371693565141883592e-02	8.875659393921434090e-05	9.601766253530413808e-05	2.650911856753668690e+04	1.602365705403353786e+02
9.000000000000001332e-01	1.264431198644930601e-02	1.415058196259321999e-01	9.999999999999996487e-11	1.900104901369138895e-04	2.567651251688366756e+04	9.847490876983186134e-03	1.435872144936552464e-01	2.809917462003147862e-03	5.336617784012946675e-02	9.999999999999996487e-11	8.914529498972912388e-05	2.559807274800337836e+04	1.568795377605783870e+02
9.500000000000000666e-01	1.183914656596794963e-02	1.416838073519627039e-01	1.854811762055247031e-10	1.809164981880617001e-04	2.443387812625341394e+04	9.521525979791906763e-03	1.424654964104643262e-01	2.335591375337908466e-03	4.964544994389501198e-02	1.513786703425919037e-09	8.256681628979783603e-05	2.436240101398735715e+04	1.429542245321135852e+02
